CATMULL_ROM
10   
8         

0.499 0.000
0.484 0.592
0.000 0.605
-0.489 0.567
-0.499 0.000
-0.471 -0.631
-0.000 -0.605
0.471 -0.634
0.5
0 1 0 0    
0 0 0  

0.499 0.000
0.484 0.592
0.000 0.605
-0.489 0.567
-0.499 0.000
-0.471 -0.631
-0.000 -0.605
0.471 -0.634
1.5
0 1 0 0    
0 0 0     

0.499 0.000
0.484 0.592
0.000 0.605
-0.489 0.567
-0.499 0.000
-0.471 -0.631
-0.000 -0.605
0.471 -0.634
1.5
0 1 0 0
0 1 0

0.229 -0.062
0.484 0.592
-0.012 0.216
-0.489 0.567
-0.259 -0.053
-0.471 -0.631
-0.005 -0.322
0.471 -0.634
1.0        
0 1 0 0    
0 1 0

0.229 -0.062
0.484 0.592
-0.012 0.216
-0.489 0.567
-0.259 -0.053
-0.471 -0.631
-0.005 -0.322
0.471 -0.634
1.0        
1 0 1 0    
0 2 0

0.229 -0.062
0.484 0.592
-0.012 0.216
-0.489 0.567
-0.259 -0.053
-0.471 -0.631
-0.005 -0.322
0.471 -0.634
1.0        
2 0 1 0    
0 3 0

0.229 -0.062
0.484 0.592
-0.012 0.216
-0.489 0.567
-0.259 -0.053
-0.471 -0.631
-0.005 -0.322
0.471 -0.634
1.0        
3 0 1 0    
0 4 0

0.499 0.000
0.484 0.592
0.000 0.605
-0.489 0.567
-0.499 0.000
-0.471 -0.631
-0.000 -0.605
0.471 -0.634
1.5
0 1 0 0    
0 4 0   

0.499 0.000
0.484 0.592
0.000 0.605
-0.489 0.567
-0.499 0.000
-0.471 -0.631
-0.000 -0.605
0.471 -0.634
1.5
0 1 0 0    
0 5 0   

0.499 0.000
0.484 0.592
0.000 0.605
-0.489 0.567
-0.499 0.000
-0.471 -0.631
-0.000 -0.605
0.471 -0.634
0.5
0 1 0 0    
0 5 0   